RMC validation : false
Equations: {
M1A10=0.01171*M1A14+0.03582*M1A4+0.1684*M1A6+0.18777*M1A7+0.59501*M1A5+0.00129*M1A8
M1A11=0.00185*M1A14+0.00112*M1A7+9.3E-4*M1A12+0.96213*M1A6+0.0068*M1A4+4.4E-4*M1A15+0.02673*M1A5
M1A12=0.00614*M1A14+0.0065*M1A7+0.0052*M1A11+0.0592*M1A4+0.20549*M1A6+0.69656*M1A15+0.01866*M1A16+0.00225*M1A5
M1A13=0.0034*M1A14+0.14369*M1A10+0.0052*M1A7+0.00681*M1A11+0.00349*M1A12+0.06525*M1A4+0.75907*M1A6+0.00288*M1A15+0.01021*M1A5
M1A14=0.056799984096*M1A6+0.0580699837404*M1A4+0.8837197525584*M1A15+5.299998516E-4*M1A16+8.799997536E-4*M1A5+2.8E-7*M1F1
M1A15=0.0259499971455*M1A14+1.99999978E-4*M1A7+1.1E-7*M1F1+0.8534099061249*M1A12+0.0205499977395*M1A6+1.99999978E-5*M1A13+0.0997199890308*M1A4+1.99999978E-5*M1A16+1.299999857E-4*M1A5
M1A16=0.6102192189184*M1A14+0.1040198668544*M1E3+0.0061299921536*M1A10+0.0282699638144*M1A7+0.0024799968256*M1A9+1.28E-6*M1F1+0.0706399095808*M1A4+0.0847798914816*M1A6+0.0133199829504*M1A11+0.0269799654656*M1A12+0.0049699936384*M1A13+0.0424699456384*M1A15+0.0057199926784*M1A5
M1A4=2.99999787E-5*M1A10+0.1813398712486*M1A14+7.1E-7*M1F1+0.0653099536299*M1A11+0.0047099966559*M1A12+0.134699904363*M1A6+0.6095095672479*M1A15+0.0038699972523*M1A16+5.299996237E-4*M1A5
M1A5=0.3919397883524*M1A4+0.0913899506494*M1A6+0.0111399939844*M1A7+0.4516597561036*M1A15+5.4E-7*M1F1+0.0538699709102*M1A12
M1A6=0.0163899957386*M1A14+9.9999974E-6*M1A10+0.0259299932582*M1A7+2.6E-7*M1F1+0.0046799987832*M1A11+0.003949998973*M1A8+0.0055899985466*M1A9+0.0269799929852*M1A12+0.3539599079704*M1A4+0.5612298540802*M1A15+5.899998466E-4*M1A16+6.899998206E-4*M1A5
M1A7=0.04927*M1A10+0.03586*M1A14+0.63969*M1A6+0.06769*M1A4+0.20704*M1A5+4.5E-4*M1A11
M1A8=0.0858894348438*M1A6+0.382347484137*M1A4+0.382347484137*M1A15+0.1494090168822*M1A16+6.58E-6*M1F1
M1A9=9.9999539E-6*M1A7+0.0346898400791*M1A11+4.61E-6*M1F1+0.5538574467054*M1A4+0.1731292018707*M1A6+0.1914291175077*M1A15+0.0468797838832*M1A5
M1E3=1
M1F1=0
M1S2=1.0*M1A4
WorkloadC19=M1S2*(1.0*WorkloadE18)
WorkloadE18=1
WorkloadS17=1.0*WorkloadC19
}
